20230417_184731608_backbone_beanies.webp,?/21976/category/1676
